08,07,09,313,,08,49,217,40,18,04,181,33,21,15,054,*7B
$GPGSV,2,2,08,23,44,264,15,26,40,052,19,27,83,197,33,31,25,122,37*7A
$GPGLL,,,,,080905.00,V,N*4E
$GPRMC,080906.00,V,,,,,,,230219,,,N*71
$GPVTG,,,,,,,,,N*30
$GPGGA,080906.00,,,,,0,03,26.31,,,,,,*64
$GPGSA,A,1,08,27,31,,,,,,,,,,37.24,26.31,26.35*39
$GPGSV,2,1,08,07,09,313,,08,49,217,37,18,04,181,32,21,15,054,*7A
$GPGSV,2,2,08,23,44,264,14,26,40,052,19,27,83,197,30,31,25,122,35*7A
$GPGLL,,,,,080906.00,V,N*4D
$GPRMC,080907.00,V,,,,,,,230219,,,N*70
$GPVTG,,,,,,,,,N*30
$GPGGA,080907.00,,,,,0,03,26.27,,,,,,*62
$GPGSA,A,1,08,27,31,,,,,,,,,,37.18,26.27,26.31*35
$GPGSV,2,1,08,07,09,313,,08,49,217,24,18,04,181,32,21,15,054,*78
$GPGSV,2,2,08,23,44,264,14,26,40,052,18,27,83,197,36,31,25,122,36*7E
$GPGLL,,,,,080907.00,V,N*4C
$GPRMC,080908.00,V,,,,,,,230219,,,N*7F
$GPVTG,,,,,,,,,N*30
$GPGGA,080908.00,,,,,0,03,26.24,,,,,,*6E
$GPGSA,A,1,08,27,31,,,,,,,,,,37.13,26.24,26.28*35
$GPGSV,2,1,08,07,09,313,,08,49,217,36,18,04,181,33,21,15,054,*7A
$GPGSV,2,2,08,23,44,264,14,26,40,052,20,27,83,197,37,31,25,122,38*7A
$GPGLL,,,,,080908.00,V,N*43
$GPRMC,080909.00,V,,,,,,,230219,,,N*7E
$GPVTG,,,,,,,,,N*30
$GPGGA,080909.00,,,,,0,03,26.20,,,,,,*6B
$GPGSA,A,1,08,27,31,,,,,,,,,,37.08,26.20,26.24*37
$GPGSV,2,1,08,07,09,313,,08,49,217,26,18,04,181,26,21,15,054,*7F
$GPGSV,2,2,08,23,44,264,11,26,40,052,19,27,83,197,30,31,25,122,31*7B
$GPGLL,,,,,080909.00,V,N*42
