,23,10,,,26,11,,,25,12,,,25,13,,,26*7D
$GPGSV,6,4,23,14,,,26,15,,,25,16,,,26,17,,,26*79
$GPGSV,6,5,23,18,04,181,,21,15,053,21,23,44,263,,26,40,052,*7D
$GPGSV,6,6,23,27,83,197,20,28,,,26,31,25,122,16*76
$GPGLL,,,,,081018.00,V,N*4A
$GPRMC,081019.00,V,,,,,,,230219,,,N*77
$GPVTG,,,,,,,,,N*30
$GPGGA,081019.00,,,,,0,00,99.99,,,,,,*67
$GPGSA,A,1,,,,,,,,,,,,,99.99,99.99,99.99*30
$GPGSV,6,1,23,01,,,26,03,,,26,04,,,26,05,,,26*7C
$GPGSV,6,2,23,06,,,26,07,09,313,,08,49,217,24,09,29,300,*47
$GPGSV,6,3,23,10,,,26,11,,,26,12,,,26,13,,,26*7D
$GPGSV,6,4,23,14,,,26,15,,,26,16,,,26,17,,,26*7A
$GPGSV,6,5,23,18,04,181,28,21,15,053,21,23,44,263,,26,40,052,*77
$GPGSV,6,6,23,27,83,197,23,28,,,26,31,25,122,22*72
$GPGLL,,,,,081019.00,V,N*4B
$GPRMC,081020.00,V,,,,,,,230219,,,N*7D
$GPVTG,,,,,,,,,N*30
$GPGGA,081020.00,,,,,0,00,99.99,,,,,,*6D
$GPGSA,A,1,,,,,,,,,,,,,99.99,99.99,99.99*30
$GPGSV,6,1,24,01,,,26,03,,,26,04,,,26,05,,,26*7B
$GPGSV,6,2,24,06,,,26,07,09,313,,08,49,217,26,09,29,300,*42
$GPGSV,6,3,24,10,,,26,11,,,26,12,,,26,13,,,26*7A
$GPGSV,6,4,24,14,,,26,15,,,26,16,,,26,17,,,26*7D
$GPGSV,6,5,24,18,04,181,23,21,15,053,,23,44,263,,26,40,052,*78
$GPGSV,6,6,24,27,83,197,30,28,,,26,31,25,122,,50,46,140,31*47
$GPGLL,