SV,3,1,10,05,,,12,07,09,313,,08,49,217,31,09,29,300,*41
$GPGSV,3,2,10,18,04,181,27,21,15,054,,23,44,264,14,26,40,052,17*7A
$GPGSV,3,3,10,27,83,197,28,31,25,122,30*74
$GPGLL,,,,,080931.00,V,N*49
$GPRMC,080932.00,V,,,,,,,230219,,,N*76
$GPVTG,,,,,,,,,N*30
$GPGGA,080932.00,,,,,0,03,25.35,,,,,,*64
$GPGSA,A,1,08,27,31,,,,,,,,,,35.92,25.35,25.44*34
$GPGSV,3,1,09,07,09,313,,08,49,217,29,09,29,300,,18,04,181,26*77
$GPGSV,3,2,09,21,15,053,,23,44,264,11,26,40,052,14,27,83,197,26*76
$GPGSV,3,3,09,31,25,122,29*4F
$GPGLL,,,,,080932.00,V,N*4A
$GPRMC,080933.00,V,,,,,,,230219,,,N*77
$GPVTG,,,,,,,,,N*30
$GPGGA,080933.00,,,,,0,03,25.31,,,,,,*61
$GPGSA,A,1,08,27,31,,,,,,,,,,35.87,25.31,25.41*31
$GPGSV,3,1,09,07,09,313,,08,49,217,28,09,29,300,,18,04,181,22*72
$GPGSV,3,2,09,21,15,053,,23,44,264,,26,40,052,09,27,83,197,23*7F
$GPGSV,3,3,09,31,25,122,26*40
$GPGLL,,,,,080933.00,V,N*4B
$GPRMC,080934.00,A,3117.69574,N,12131.92291,E,1.400,,230219,,,A*74
$GPVTG,,T,,M,1.400,N,2.593,K,A*2B
$GPGGA,080934.00,3117.69574,N,12131.92291,E,1,02,8.45,54.6,M,9.9,M,,*5A
$GPGSA,A,2,08,27,,,,,,,,,,,8.51,8.45,1.00*0A
$GPGSV,3,1,09,07,09,313,,08,49,217,14,09,29,300,,18,04,181,21*7E
$GPGSV,3,2,09,21,15,053,,23,44,264,,26,40,052,,27,83,197,21*74
$GPGSV,3,3,09,31,25,122,08*4C
$GPGLL,3117.69574,N,12131.92291,E,080934.00,A,A*63
$GPRMC,080935.00,V,,,,,,,230219,,,N*71
$GPVTG,,,,,,,,,N*30
$GPGGA,080935.00,,,,,0,03,25.28,,,,,,*6F
$GPGSA,A,1,08,27,31,,,,,,,,,,35.93,25.28,25.53*3F
$GPGSV,3,1,09,07,09,313,,08,49,217,16,09,29,300,,18,04,181,18*76
$GPGSV,3,2,09,21,15,053,,23,44,264,,26,40,052,,27,83,197,20*75
$GPGSV,3,3,09,31,25,122,17*42
$GPGLL,,,,,080935.00,V,N*4D
$GPRMC,080936.00,V,,,,,,,230219,,,N*72
$GPVTG,,,,,,,,,N*30
$GPGGA,080936.00,,,,,0,03,47.51,,,,,,*66
$GPGSA,A,1,08,27,31,,,,,,,,,,68.26,47.51,49.01*3E
$GPGSV,3,1,09,07,09,313,,08,49,217,27,09,29,300,,18,04,181,29*76
$GPGSV,3,2,09,21,15,053,,23,44,264,,26,40,052,,27,83,197,21*74
$GPGSV,3,3,09,31,25,122,29*4F
$GPGLL,,,,,080936